151.385498
117.572021
130.862427
153.451538
194.760132
117.172241
170.220947
122.640991
149.475098
112.469482
108.389282
138.961792
127.722168
136.804199
198.342896
153.536987
176.565552
164.645386
176.712036
178.021240
182.293701
115.191650
162.545776
131.466675
134.689331
191.717529
151.974487
140.115356
160.675049
178.540039
193.151855
186.990356
186.651611
167.449951
175.839233
158.187866
138.922119
135.562134
120.022583
182.690430
141.589355
146.350098
197.915649
112.643433
121.261597
195.843506
173.745728
140.902710
178.009033
175.787354
195.681763
102.807617
131.872559
175.692749
124.298096
158.953857
104.339600
195.602417
131.912231
105.935669
144.186401
191.500854
157.223511
111.883545
156.976318
125.204468
149.584961
123.672485
147.695923
140.606689
187.298584
142.694092
135.821533
138.195801
104.315186
116.058350
152.233887
169.656372
109.707642
140.081787
177.340698
124.481201
134.280396
122.998047
129.785156
130.453491
188.717651
103.665161
165.112305
139.859009
167.626953
173.257446
193.777466
123.327637
183.847046
196.719360
177.862549
143.148804
167.407227
180.935669
115.875244
127.987671
113.531494
186.416626
175.018311
120.797729
113.995361
129.458618
180.279541
121.893311
156.307983
171.557617
119.754028
198.980713
125.003052
143.060303
175.524902
186.090088
189.477539
197.805786
139.538574
143.218994
112.713623
145.767212
123.782349
198.602295
165.280151
160.421753
124.188232
145.486450
178.994751
107.879639
147.637939
115.258789
124.572754
194.497681
161.401367
198.815918
147.726440
179.968262
174.417114
138.070679
147.988892
152.688599
109.808350
159.420776
134.716797
114.334106
177.951050
171.096802
144.613647
170.455933
109.530640
196.279907
155.130005
174.023438
157.901001
163.784790
178.164673
118.789673
130.209351
128.280640
168.399048
129.290771
156.536865
141.842651
130.657959
144.451904
156.567383
148.791504
160.662842
141.583252
113.040161
125.595093
103.573608
197.708130
111.450195
137.805176
164.669800
135.043335
155.303955
135.839844
156.542969
147.561646
116.366577
161.520386
117.214966
155.468750
129.220581
187.213135
183.505249
184.487915
189.550781
159.475708
154.055786
116.818237
165.493774
169.049072
126.382446
110.668945
181.491089
119.134521
142.327881
135.183716
183.920288
113.732910
126.266479
117.724609
147.988892
138.015747
150.482178
150.274658
135.189819
152.557373
112.060547
151.953125
160.711670
173.287964
155.685425
134.411621
180.194092
159.097290
126.690674
167.065430
155.212402
178.890991
188.769531
188.998413
106.808472
180.056763
190.734863
164.410400
116.513062
130.133057
116.625977
128.515625
184.194946
153.631592
103.634644
120.718384
102.120972
135.812378
162.145996
152.001953
154.602051
115.365601
182.333374
103.332520
102.593994
137.811279
161.630249
102.038574
162.655640
191.519165
137.478638
172.943115
139.581299
198.223877
159.725952
111.230469
122.158813
179.916382
187.063599
173.822021
101.361084
173.953247
141.833496
136.203003
120.388794
118.313599
107.626343
111.553955
115.911865
178.823853
104.034424
179.061890
159.899902
140.258789
122.903442
118.280029
161.428833
133.187866
160.513306
196.408081
137.805176
118.438721
130.007935
105.416870
114.401245
101.043701
188.482666
195.800781
162.588501
195.559692
163.101196
103.912354
135.128784
114.633179
110.601807
119.741821
108.392334
102.682495
194.570923
191.961670
190.795898
186.560059
114.892578
117.178345
106.820679
165.100098
173.684692
110.241699
116.000366
109.396362
112.170410
102.462769
176.229858
195.693970
102.789307
164.657593
110.803223
142.791748
130.972290
101.858521
188.528442
175.784302
150.952148
116.577148
176.290894
188.082886
149.954224
187.512207
173.477173
123.501587
105.160522
160.546875
187.594604
150.399780
167.837524
198.937988
160.476685
149.633789
158.972168
189.547729
104.461670
188.284302
110.821533
152.011108
157.882690
100.991821
138.705444
147.711182
119.293213
150.787354
177.499390
135.437012
169.775391
191.278076
167.092896
170.574951
142.687988
102.090454
121.295166
194.757080
150.280762
119.424438
164.471436
112.796021
126.492310
133.602905
170.367432
103.811646
195.358276
175.473022
187.432861
163.397217
124.353027
163.577271
185.046387
123.736572
172.094727
133.920288
105.020142
148.498535
189.746094
124.227905
152.749634
149.444580
185.504150
134.588623
112.384033
121.551514
111.547852
136.318970
120.397949
143.606567
182.827759
150.970459
181.948853
141.070557
